30
0 41 18467 6334 26500 19169 15724 11478 29358 26962 24464 5705 28145 23281 16827 9961 491 2995 11942 4827 5436 32391 14604 3902 153 292 12382 17421 18716 19718 
41 0 19895 5447 21726 14771 11538 1869 19912 25667 26299 17035 9894 28703 23811 31322 30333 17673 4664 15141 7711 28253 6868 25547 27644 32662 32757 20037 12859 8723 
18467 19895 0 9741 27529 778 12316 3035 22190 1842 288 30106 9040 8942 19264 22648 27446 23805 15890 6729 24370 15350 15006 31101 24393 3548 19629 12623 24084 19954 
6334 5447 9741 0 18756 11840 4966 7376 13931 26308 16944 32439 24626 11323 5537 21538 16118 2082 22929 16541 4833 31115 4639 29658 22704 9930 13977 2306 31673 22386 
26500 21726 27529 18756 0 5021 28745 26924 19072 6270 5829 26777 15573 5097 16512 23986 13290 9161 18636 22355 24767 23655 15574 4031 12052 27350 1150 16941 21724 13966 
19169 14771 778 11840 5021 0 3430 31107 30191 18007 11337 15457 12287 27753 10383 14945 8909 32209 9758 24221 18588 6422 24946 27506 13030 16413 29168 900 32591 18762 
15724 11538 12316 4966 28745 3430 0 1655 17410 6359 27624 20537 21548 6483 27595 4041 3602 24350 10291 30836 9374 11020 4596 24021 27348 23199 19668 24484 8281 4734 
11478 1869 3035 7376 26924 31107 1655 0 53 1999 26418 27938 6900 3788 18127 467 3728 14893 24648 22483 17807 2421 14310 6617 22813 9514 14309 7616 18935 17451 
29358 19912 22190 13931 19072 30191 17410 53 0 20600 5249 16519 31556 22798 30303 6224 11008 5844 32609 14989 32702 3195 20485 3093 14343 30523 1587 29314 9503 7448 
26962 25667 1842 26308 6270 18007 6359 1999 20600 0 25200 13458 6618 20580 19796 14798 15281 19589 20798 28009 27157 20472 23622 18538 12292 6038 24179 18190 29657 7958 
24464 26299 288 16944 5829 11337 27624 26418 5249 25200 0 6191 19815 22888 19156 11511 16202 2634 24272 20055 20328 22646 26362 4886 18875 28433 29869 20142 23844 1416 
5705 17035 30106 32439 26777 15457 20537 27938 16519 13458 6191 0 21881 31998 10322 18651 10021 5699 3557 28476 27892 24389 5075 10712 2600 2510 21003 26869 17861 14688 
28145 9894 9040 24626 15573 12287 21548 6900 31556 6618 19815 21881 0 13401 9789 15255 16423 5002 10585 24182 10285 27088 31426 28617 23757 9832 30932 4169 2154 25721 
23281 28703 8942 11323 5097 27753 6483 3788 22798 20580 22888 31998 13401 0 17189 19976 31329 2368 28692 21425 10555 3434 16549 7441 9512 30145 18060 21718 3753 16139 
16827 23811 19264 5537 16512 10383 27595 18127 30303 19796 19156 10322 9789 17189 0 12423 16279 25996 16687 12529 22549 17437 19866 12949 193 23195 3297 20416 28286 16105 
9961 31322 22648 21538 23986 14945 4041 467 6224 14798 11511 18651 15255 19976 12423 0 24488 16282 12455 25734 18114 11701 31316 20671 5786 12263 4313 24355 31185 20053 
491 30333 27446 16118 13290 8909 3602 3728 11008 15281 16202 10021 16423 31329 16279 24488 0 912 10808 1832 20945 4313 27756 28321 19558 23646 27982 481 4144 23196 
2995 17673 23805 2082 9161 32209 24350 14893 5844 19589 2634 5699 5002 2368 25996 16282 912 0 20222 7129 2161 5535 20450 11173 10466 12044 21659 26292 26439 17253 
11942 4664 15890 22929 18636 9758 10291 24648 32609 20798 24272 3557 10585 28692 16687 12455 10808 20222 0 20024 26154 29510 4745 20649 13186 8313 4474 28022 2168 14018 
4827 15141 6729 16541 22355 24221 30836 22483 14989 28009 20055 28476 24182 21425 12529 25734 1832 7129 20024 0 18787 9905 17958 7391 10202 3625 26477 4414 9314 25824 
5436 7711 24370 4833 24767 18588 9374 17807 32702 27157 20328 27892 10285 10555 22549 18114 20945 2161 26154 18787 0 29334 25874 24372 20159 11833 28070 7487 28297 7518 
32391 28253 15350 31115 23655 6422 11020 2421 3195 20472 22646 24389 27088 3434 17437 11701 4313 5535 29510 9905 29334 0 8177 17773 32270 1763 2668 17192 13985 3102 
14604 6868 15006 4639 15574 24946 4596 14310 20485 23622 26362 5075 31426 16549 19866 31316 27756 20450 4745 17958 25874 8177 0 8480 29213 7627 4802 4099 30527 2625 
3902 25547 31101 29658 4031 27506 24021 6617 3093 18538 4886 10712 28617 7441 12949 20671 28321 11173 20649 7391 24372 17773 8480 0 1543 1924 11023 29972 13061 14181 
153 27644 24393 22704 12052 13030 27348 22813 14343 12292 18875 2600 23757 9512 193 5786 19558 10466 13186 10202 20159 32270 29213 1543 0 31003 27432 17505 27593 22725 
292 32662 3548 9930 27350 16413 23199 9514 30523 6038 28433 2510 9832 30145 23195 12263 23646 12044 8313 3625 11833 1763 7627 1924 31003 0 13031 8492 142 17222 
12382 32757 19629 13977 1150 29168 19668 14309 1587 24179 29869 21003 30932 18060 3297 4313 27982 21659 4474 26477 28070 2668 4802 11023 27432 13031 0 31286 13064 7900 
17421 20037 12623 2306 16941 900 24484 7616 29314 18190 20142 26869 4169 21718 20416 24355 481 26292 28022 4414 7487 17192 4099 29972 17505 8492 31286 0 19187 8360 
18716 12859 24084 31673 21724 32591 8281 18935 9503 29657 23844 17861 2154 3753 28286 31185 4144 26439 2168 9314 28297 13985 30527 13061 27593 142 13064 19187 0 22413 
19718 8723 19954 22386 13966 18762 4734 17451 7448 7958 1416 14688 25721 16139 16105 20053 23196 17253 14018 25824 7518 3102 2625 14181 22725 17222 7900 8360 22413 0 
